105
3 5
146755893 1
201 99
5 3
417021999 1
100 100
313424185 10
4 3
1 10
199 99
4 1
7 2
114382 1
1 2
1000000000 100
3 2
100 99
197 99
1 1
102 100
5 2
443452894 88
197 100
4 6
96 99
289629644 32
198 99
196 99
140386937 94
894606664 83
876389147 87
1 100
4 2
2 2
999999999 1
3 4
6 2
1000000000 1
98 99
97 100
3 3
4 7
1000000000 2
236088977 100
1000000000 40
411787879 54
201 100
2 100
5 1
9 3
102 99
999999999 99
1 3
6 3
1 73
671654092 96
997184809 100
195 99
692322617 52
2 5
27387596 54
3 100
1000000000 3
3 7
999999999 3
198 100
670528042 10
2 4
999999999 2
103 100
97 99
2 99
1000000000 99
1 99
999999999 100
3 1
198101484 78
200 100
1000000000 94
1 31
101 99
2 1
99 99
3 99
3 6
59243198 88
199 100
4 4
98 100
128124448 100
138 6
4 9
142120133 69
186260212 39
8 3
2 3
4 8
99 100
203 100
101 100
202 100
345560726 67
4 5
200 99
7 3
